01lane_1:[[34, 41], [86, 94], [138, 146], [153, 161], [177, 184], [189, 196], [216, 223], [230, 236], [252, 262], [271, 278], [292, 298], [311, 319], [333, 338], [352, 359], [363, 365], [365, 370], [372, 380]]
01lane_2:[[68, 75], [81, 95], [124, 131], [151, 158], [196, 203], [214, 220], [223, 225], [225, 233], [296, 301], [305, 311], [317, 327], [341, 346], [354, 358], [367, 369]]
01lane_3:[[89, 97], [135, 145], [158, 165], [195, 203], [212, 217], [221, 233], [292, 299], [315, 319], [321, 326], [330, 332], [332, 335], [339, 345], [350, 352], [352, 354], [365, 369], [369, 371], [371, 374]]
01lane_4:[[86, 94], [135, 144], [157, 165], [196, 202], [211, 216], [220, 232], [252, 258], [268, 274], [291, 298], [313, 318], [318, 320], [320, 325], [338, 344], [368, 370], [370, 373]]
01lane_5:[[37, 45], [87, 95], [138, 146], [153, 161], [177, 184], [188, 196], [215, 222], [229, 235], [251, 261], [269, 275], [289, 296], [308, 316], [330, 335], [348, 355]]
01lane_6:[[69, 76], [81, 95], [123, 131], [150, 158], [195, 202], [212, 218], [218, 231], [293, 298], [302, 308], [314, 318], [318, 320], [320, 324], [337, 343], [350, 352], [352, 354], [363, 365], [365, 371]]
01lane_7:[[69, 78], [88, 97], [124, 131], [136, 143], [163, 171], [195, 202], [211, 217], [223, 232], [294, 298], [303, 307], [312, 318], [318, 320], [320, 324], [337, 342], [347, 355], [364, 372], [374, 378]]
01lane_8:[[126, 132], [137, 146], [159, 167], [196, 204], [213, 218], [221, 234], [244, 250], [292, 299], [315, 325], [329, 334], [338, 340], [340, 343], [348, 353], [368, 373]]
01lane_9:[[71, 79], [84, 97], [125, 134], [153, 160], [197, 204], [215, 220], [224, 226], [226, 233], [295, 300], [304, 309], [316, 325], [338, 344], [351, 355]]
01lane_10:[[40, 48], [90, 98], [141, 149], [156, 164], [180, 187], [191, 199], [218, 225], [231, 238], [253, 263], [271, 278], [291, 298], [310, 317], [331, 337], [349, 356], [370, 372]]
01lane_11:[[128, 134], [139, 149], [161, 169], [198, 206], [215, 220], [224, 236], [246, 252], [264, 270], [294, 301], [316, 321], [323, 328], [341, 346], [351, 353], [353, 355], [370, 374], [374, 376]]
01lane_12:[[73, 80], [85, 100], [139, 147], [154, 162], [199, 206], [217, 223], [223, 236], [298, 302], [307, 312], [319, 329], [341, 347], [354, 358]]
01lane_13:[[128, 135], [141, 149], [163, 170], [200, 207], [217, 224], [224, 237], [249, 254], [297, 303], [320, 330], [334, 336], [336, 338], [343, 349], [353, 355], [355, 361], [373, 375], [375, 377], [379, 380]]
01lane_14:[[73, 81], [92, 100], [134, 142], [163, 173], [200, 207], [216, 223], [223, 236], [264, 270], [296, 304], [320, 330], [343, 349]]
01lane_15:[[39, 46], [90, 98], [143, 150], [157, 165], [182, 188], [193, 199], [220, 226], [233, 239], [255, 265], [274, 280], [295, 300], [313, 320], [335, 340], [353, 359], [364, 371]]
